Start thread(4):  EC 04 00 00
send(25):  FF B0 01 02 03 00 00 00 00 00 00 00 00 00 00 00 00 00 00 00 00 00 00 00 31
send(25):  FF B0 04 05 06 1A 00 00 00 00 00 00 00 00 00 00 00 00 00 00 00 00 00 00 B0
Start thread(4):  10 06 00 00
send(25):  FF B0 01 02 03 00 00 00 00 00 00 00 00 00 00 00 00 00 00 00 00 00 00 00 31
send(25):  FF B0 04 05 06 1A 00 00 00 00 00 00 00 00 00 00 00 00 00 00 00 00 00 00 B0
Start thread(4):  38 06 00 00
send(25):  FF B0 01 02 03 00 00 00 00 00 00 00 00 00 00 00 00 00 00 00 00 00 00 00 31
send(25):  FF B0 04 05 06 1A 00 00 00 00 00 00 00 00 00 00 00 00 00 00 00 00 00 00 B0
Start thread(4):  14 06 00 00
send(25):  FF B0 01 02 03 00 00 00 00 00 00 00 00 00 00 00 00 00 00 00 00 00 00 00 31
send(25):  FF B0 04 05 06 1A 00 00 00 00 00 00 00 00 00 00 00 00 00 00 00 00 00 00 B0
